46 23 49 5 41 48 
45 28 27 29 
20 30 65 9 52 33 
68 6 26 11 58 56 
37 33 63 50 29 
12 0 7 63 67 
66 3 6 6 45 26 
47 38 7 7 65 15 5 
42 39 19 
36 23 18 43 62 2 
25 37 23 24 13 18 
66 68 57 53 25 3 
31 58 49 42 5 14 
55 21 10 18 
12 20 61 22 25 48 
40 42 7 43 41 53 
28 57 32 54 
49 19 38 65 41 32 
9 33 13 22 10 62 
40 17 61 8 54 
56 14 26 67 35 2 
58 56 13 50 24 
60 18 14 30 27 41 
51 10 0 42 28 9 
55 63 21 10 32 
68 52 11 10 14 
6 53 3 45 37 20 
1 62 67 29 22 50 
23 47 1 48 16 43 
38 27 1 34 4 46 
64 39 61 43 22 2 
52 45 58 51 12 64 
40 44 24 48 17 16 
47 4 18 2 
44 39 43 58 29 54 
20 50 54 62 
52 51 59 57 55 9 
53 26 10 60 4 59 
56 59 7 29 54 17 
49 56 30 34 66 8 
59 47 42 19 32 15 
0 22 44 17 15 65 
23 12 40 15 62 8 
9 47 34 30 15 28 
58 32 34 41 
6 26 31 49 1 61 
53 60 0 29 
57 28 7 33 40 43 
0 28 32 63 14 
45 12 0 17 39 61 
21 35 27 61 57 4 
68 36 52 59 23 31 
66 25 36 31 51 2 
66 26 11 37 46 15 
38 16 34 35 19 
36 56 64 60 24 13 
3 21 55 38 20 39 
11 59 47 36 16 50 
3 31 12 21 44 34 
51 57 36 37 40 38 
37 46 55 22 
49 30 14 45 19 50 
42 27 18 9 35 
4 24 5 48 
31 55 64 64 65 30 
64 7 17 41 2 
68 11 6 52 53 39 
20 27 5 
66 11 68 68 51 25 3 
